fx: 3740.0
fy: 3740.0
cx: 640.0
cy: 480.0
baseline: 0.16
